size: 60
maxchemcons: 3
maxelecconns: 2

time constants: 
1 1 1 1 1 1 1 1 1 1 1 1 1 1 1 1 1 1 1 1 1 1 1 1 1 1 1 1 1 1 1 1 1 1 1 1 1 1 1 1 1 1 1 1 1 1 1 1 1 1 1 1 1 1 1 1 1 1 1 1 

biases: 
-6.0038900000000001710986907710321 6.3679199999999998027533365529962 -10.86500000000000021316282072803 -10.86500000000000021316282072803 -6.0038900000000001710986907710321 6.3679199999999998027533365529962 -6.0038887994141809656412078766152 6.3679201879207258940596148022451 -10.865048072426551684088735783007 -10.865048072426551684088735783007 -6.0038887994141809656412078766152 6.3679201879207258940596148022451 -6.0038887994141809656412078766152 6.3679201879207258940596148022451 -10.865048072426551684088735783007 -10.865048072426551684088735783007 -6.0038887994141809656412078766152 6.3679201879207258940596148022451 -6.0038887994141809656412078766152 6.3679201879207258940596148022451 -10.865048072426551684088735783007 -10.865048072426551684088735783007 -6.0038887994141809656412078766152 6.3679201879207258940596148022451 -6.0038887994141809656412078766152 6.3679201879207258940596148022451 -10.865048072426551684088735783007 -10.865048072426551684088735783007 -6.0038887994141809656412078766152 6.3679201879207258940596148022451 -6.0038887994141809656412078766152 6.3679201879207258940596148022451 -10.865048072426551684088735783007 -10.865048072426551684088735783007 -6.0038887994141809656412078766152 6.3679201879207258940596148022451 -6.0038887994141809656412078766152 6.3679201879207258940596148022451 -10.865048072426551684088735783007 -10.865048072426551684088735783007 -6.0038887994141809656412078766152 6.3679201879207258940596148022451 -6.0038887994141809656412078766152 6.3679201879207258940596148022451 -10.865048072426551684088735783007 -10.865048072426551684088735783007 -6.0038887994141809656412078766152 6.3679201879207258940596148022451 -6.0038887994141809656412078766152 6.3679201879207258940596148022451 -10.865048072426551684088735783007 -10.865048072426551684088735783007 -6.0038887994141809656412078766152 6.3679201879207258940596148022451 -6.0038887994141809656412078766152 6.3679201879207258940596148022451 -10.865048072426551684088735783007 -10.865048072426551684088735783007 -6.0038887994141809656412078766152 6.3679201879207258940596148022451 

gains: 
1 1 1 1 1 1 1 1 1 1 1 1 1 1 1 1 1 1 1 1 1 1 1 1 1 1 1 1 1 1 1 1 1 1 1 1 1 1 1 1 1 1 1 1 1 1 1 1 1 1 1 1 1 1 1 1 1 1 1 1 

chemical weights: 
2  1 6.6072800000000002640376806084532  3 -8.2917389166356798568813246674836  
2  2 4.2487500000000002486899575160351  3 -7.2292340103412273677463417698164  
3  3 -1.8363899999999999668176542400033  5 12.002947053576738412061786220875  6 7.6499266859270989016295061446726  
3  4 -1.8363899999999999668176542400033  1 12.002947053576738412061786220875  2 7.6499266859270989016295061446726  
2  5 6.6072800000000002640376806084532  4 -8.2917389166356798568813246674836  
2  6 4.2487500000000002486899575160351  4 -7.2292340103412273677463417698164  
2  7 6.607279133508997759349767875392  9 -8.2917389166356798568813246674836  
2  8 4.2487499999925777416365235694684  9 -7.2292340103412273677463417698164  
3  9 -1.8363895449245828395135049504461  11 12.002947053576738412061786220875  12 7.6499266859270989016295061446726  
3  10 -1.8363895449245828395135049504461  7 12.002947053576738412061786220875  8 7.6499266859270989016295061446726  
2  11 6.607279133508997759349767875392  10 -8.2917389166356798568813246674836  
2  12 4.2487499999925777416365235694684  10 -7.2292340103412273677463417698164  
2  13 6.607279133508997759349767875392  15 -8.2917389166356798568813246674836  
2  14 4.2487499999925777416365235694684  15 -7.2292340103412273677463417698164  
3  15 -1.8363895449245828395135049504461  17 12.002947053576738412061786220875  18 7.6499266859270989016295061446726  
3  16 -1.8363895449245828395135049504461  13 12.002947053576738412061786220875  14 7.6499266859270989016295061446726  
2  17 6.607279133508997759349767875392  16 -8.2917389166356798568813246674836  
2  18 4.2487499999925777416365235694684  16 -7.2292340103412273677463417698164  
2  19 6.607279133508997759349767875392  21 -8.2917389166356798568813246674836  
2  20 4.2487499999925777416365235694684  21 -7.2292340103412273677463417698164  
3  21 -1.8363895449245828395135049504461  23 12.002947053576738412061786220875  24 7.6499266859270989016295061446726  
3  22 -1.8363895449245828395135049504461  19 12.002947053576738412061786220875  20 7.6499266859270989016295061446726  
2  23 6.607279133508997759349767875392  22 -8.2917389166356798568813246674836  
2  24 4.2487499999925777416365235694684  22 -7.2292340103412273677463417698164  
2  25 6.607279133508997759349767875392  27 -8.2917389166356798568813246674836  
2  26 4.2487499999925777416365235694684  27 -7.2292340103412273677463417698164  
3  27 -1.8363895449245828395135049504461  29 12.002947053576738412061786220875  30 7.6499266859270989016295061446726  
3  28 -1.8363895449245828395135049504461  25 12.002947053576738412061786220875  26 7.6499266859270989016295061446726  
2  29 6.607279133508997759349767875392  28 -8.2917389166356798568813246674836  
2  30 4.2487499999925777416365235694684  28 -7.2292340103412273677463417698164  
2  31 6.607279133508997759349767875392  33 -8.2917389166356798568813246674836  
2  32 4.2487499999925777416365235694684  33 -7.2292340103412273677463417698164  
3  33 -1.8363895449245828395135049504461  35 12.002947053576738412061786220875  36 7.6499266859270989016295061446726  
3  34 -1.8363895449245828395135049504461  31 12.002947053576738412061786220875  32 7.6499266859270989016295061446726  
2  35 6.607279133508997759349767875392  34 -8.2917389166356798568813246674836  
2  36 4.2487499999925777416365235694684  34 -7.2292340103412273677463417698164  
2  37 6.607279133508997759349767875392  39 -8.2917389166356798568813246674836  
2  38 4.2487499999925777416365235694684  39 -7.2292340103412273677463417698164  
3  39 -1.8363895449245828395135049504461  41 12.002947053576738412061786220875  42 7.6499266859270989016295061446726  
3  40 -1.8363895449245828395135049504461  37 12.002947053576738412061786220875  38 7.6499266859270989016295061446726  
2  41 6.607279133508997759349767875392  40 -8.2917389166356798568813246674836  
2  42 4.2487499999925777416365235694684  40 -7.2292340103412273677463417698164  
2  43 6.607279133508997759349767875392  45 -8.2917389166356798568813246674836  
2  44 4.2487499999925777416365235694684  45 -7.2292340103412273677463417698164  
3  45 -1.8363895449245828395135049504461  47 12.002947053576738412061786220875  48 7.6499266859270989016295061446726  
3  46 -1.8363895449245828395135049504461  43 12.002947053576738412061786220875  44 7.6499266859270989016295061446726  
2  47 6.607279133508997759349767875392  46 -8.2917389166356798568813246674836  
2  48 4.2487499999925777416365235694684  46 -7.2292340103412273677463417698164  
2  49 6.607279133508997759349767875392  51 -8.2917389166356798568813246674836  
2  50 4.2487499999925777416365235694684  51 -7.2292340103412273677463417698164  
3  51 -1.8363895449245828395135049504461  53 12.002947053576738412061786220875  54 7.6499266859270989016295061446726  
3  52 -1.8363895449245828395135049504461  49 12.002947053576738412061786220875  50 7.6499266859270989016295061446726  
2  53 6.607279133508997759349767875392  52 -8.2917389166356798568813246674836  
2  54 4.2487499999925777416365235694684  52 -7.2292340103412273677463417698164  
2  55 6.607279133508997759349767875392  57 -8.2917389166356798568813246674836  
2  56 4.2487499999925777416365235694684  57 -7.2292340103412273677463417698164  
3  57 -1.8363895449245828395135049504461  59 12.002947053576738412061786220875  60 7.6499266859270989016295061446726  
3  58 -1.8363895449245828395135049504461  55 12.002947053576738412061786220875  56 7.6499266859270989016295061446726  
2  59 6.607279133508997759349767875392  58 -8.2917389166356798568813246674836  
2  60 4.2487499999925777416365235694684  58 -7.2292340103412273677463417698164  

electrical weights: 
0  
1  8 0.9066776218882711679825092687679  
1  9 0.31324321127982379664445033995435  
1  10 0.31324321127982379664445033995435  
0  
1  12 0.9066776218882711679825092687679  
0  
2  2 0.9066776218882711679825092687679  14 0.9066776218882711679825092687679  
2  3 0.31324321127982379664445033995435  15 0.31324321127982379664445033995435  
2  4 0.31324321127982379664445033995435  16 0.31324321127982379664445033995435  
0  
2  6 0.9066776218882711679825092687679  18 0.9066776218882711679825092687679  
0  
2  8 0.9066776218882711679825092687679  20 0.9066776218882711679825092687679  
2  9 0.31324321127982379664445033995435  21 0.31324321127982379664445033995435  
2  10 0.31324321127982379664445033995435  22 0.31324321127982379664445033995435  
0  
2  12 0.9066776218882711679825092687679  24 0.9066776218882711679825092687679  
0  
2  14 0.9066776218882711679825092687679  26 0.9066776218882711679825092687679  
2  15 0.31324321127982379664445033995435  27 0.31324321127982379664445033995435  
2  16 0.31324321127982379664445033995435  28 0.31324321127982379664445033995435  
0  
2  18 0.9066776218882711679825092687679  30 0.9066776218882711679825092687679  
0  
2  20 0.9066776218882711679825092687679  32 0.9066776218882711679825092687679  
2  21 0.31324321127982379664445033995435  33 0.31324321127982379664445033995435  
2  22 0.31324321127982379664445033995435  34 0.31324321127982379664445033995435  
0  
2  24 0.9066776218882711679825092687679  36 0.9066776218882711679825092687679  
0  
2  26 0.9066776218882711679825092687679  38 0.9066776218882711679825092687679  
2  27 0.31324321127982379664445033995435  39 0.31324321127982379664445033995435  
2  28 0.31324321127982379664445033995435  40 0.31324321127982379664445033995435  
0  
2  30 0.9066776218882711679825092687679  42 0.9066776218882711679825092687679  
0  
2  32 0.9066776218882711679825092687679  44 0.9066776218882711679825092687679  
2  33 0.31324321127982379664445033995435  45 0.31324321127982379664445033995435  
2  34 0.31324321127982379664445033995435  46 0.31324321127982379664445033995435  
0  
2  36 0.9066776218882711679825092687679  48 0.9066776218882711679825092687679  
0  
2  38 0.9066776218882711679825092687679  50 0.9066776218882711679825092687679  
2  39 0.31324321127982379664445033995435  51 0.31324321127982379664445033995435  
2  40 0.31324321127982379664445033995435  52 0.31324321127982379664445033995435  
0  
2  42 0.9066776218882711679825092687679  54 0.9066776218882711679825092687679  
0  
2  44 0.9066776218882711679825092687679  56 0.9066776218882711679825092687679  
2  45 0.31324321127982379664445033995435  57 0.31324321127982379664445033995435  
2  46 0.31324321127982379664445033995435  58 0.31324321127982379664445033995435  
0  
2  48 0.9066776218882711679825092687679  60 0.9066776218882711679825092687679  
0  
1  50 0.9066776218882711679825092687679  
1  51 0.31324321127982379664445033995435  
1  52 0.31324321127982379664445033995435  
0  
1  54 0.9066776218882711679825092687679  

Worm parameters
NMJ_DA: 0.3881627571681707800088645399228
NMJ_DB: 0.60531367506904676378809426751104
NMJ_VD: -0.14517086883420854404036504092801
NMJ_VB: 0.60531367506904676378809426751104
NMJ_VA: 0.3881627571681707800088645399228
NMJ_DD: -0.14517086883420854404036504092801

AVA_act: 5.5335352334219612947775704801241e-322
AVA_inact: 6.9526384016961530245093184896431e-310
AVB_act: 6.9526384016961530245093184896431e-310
AVB_inact: 5.5335352334219612947775704801241e-322

AVA_output: 5.5335352334219612947775704801241e-322
AVB_output: 5.5335352334219612947775704801241e-322

T_muscle: 0.10000000000000000555111512312578
Nmuscles: 24

Worm global parameters
N_muscles: 24
N_units: 10
N_neuronsperunit: 6
N_stretchrec: 10
T_muscle: 0.10000000000000000555111512312578
NmusclePerNU: 4

Name conventions
DA: 1
DB: 2
DD: 3
VD: 4
VA: 5
VB: 6
Head: 1
Tail: 50

Integration parameters
skip_steps: 10
Transient: 8
StepSize: 0.0050000000000000001040834085586084
N_curvs: 23

Fitness traj
AvgSpeed: 0.00010000000000000000479217360238593
BBCfit: 0.0024000000000000002234323837058128

Genotype -> Phenotype Mapping Ranges
BiasRange: 16
SCRange: 16
CSRange: 16
ESRange: 2
SRmax: 200
NMJmax: 0.80000000000000004440892098500626
NMJmin: 0

Stretch receptor parameters
SR_A :1
SR_B :2

Size of genotype
Vectsize :17

StretchReceptor parameters
Number of stretch receptor, equal to number of units
NSR: 10
Number of segments in the body
NSEGS: 50
Number of segments sensed by each stretch receptor
NSEGSSR: 6
SR_A_gain: 0
SR_B_gain: 0

Worm Body parameters
Normalized medium drag coefficient (0 = water, 1 = agar)
Medium: 1
Length of worm in m
L_worm: 0.0010000000000000000208166817117217
Minor radius of prolate ellipse body in m
R_min: 4.0000000000000003272122156561252e-05
Total tangential drag coefficient for agar in kg/s
C_agar_par_total: 0.0032000000000000001533495552763497
Total rod normal drag coefficient in agar in kg/s
C_agar_perp_total: 0.12800000000000000266453525910038
Total rod tangential drag coefficient for water in kg/s
C_water_par_total: 3.3000000000000001683061242457873e-06
Total rod normal drag coefficient for water in kg/s
C_water_perp_total: 5.2000000000000001882066551217587e-06
Lateral spring constant in kg/s
kappa_L_fact: 0.00041666666666666669341032025464244
Diagonal spring constant in kg/s
kappa_D_fact: 350
Baseline active muscle spring constant in kg/s
kappa_M0_fact: 20
Lateral passive damping constant in s
beta_L_fact: 0.25
Diagonal passive damping constant in s
beta_D_fact: 0.010000000000000000208166817117217
Baseline active damping constant in s
beta_M0_fact: 100
Rest muscle length scaling constant
delta_M: 0.65000000000000002220446049250313
Number of segments
N_segments: 50
